,,0,1,0,0,1,0,1,0,0,2,0,0,2,0,0,3,2,0,0,3,1,3,3,5,0,2,0,0,1,1,7,1,0,3,4,2,0,2,2,0,0,2,2,0,1,4,0,1,2,3,10,2,3,1,0,1,0,1,1,4,0,0,2,4,0,2,4,8,0,0,3,3,3,1,0,1,0,3,2,2,3,1,1,2,2,0,2,1,1,0,1,4,2,1,1,2,3,3,3,4,1,1,1,1,1,2,2,0,1,4,2,0,3,4,1,2,0,0,1,1,1,4,1,4
-LRB-,0,0,0,0,0,0,0,0,0,1,0,0,1,0,0,1,1,0,0,0,0,1,0,0,0,0,0,0,0,0,0,0,0,0,0,0,0,0,0,0,0,0,0,0,0,1,0,0,0,0,0,0,0,0,1,0,0,0,0,0,0,0,0,0,0,0,0,0,0,0,0,0,0,0,0,0,0,0,0,0,0,0,0,0,0,0,0,0,0,0,0,0,1,0,0,0,0,0,0,0,0,0,0,0,0,0,0,0,0,0,0,0,0,0,0,0,0,0,0,0,0,0,0,0
-RRB-,0,0,0,0,0,0,0,0,0,0,1,0,0,1,0,1,0,0,1,0,0,1,0,0,0,0,0,0,0,0,0,0,0,0,0,0,0,0,0,0,0,0,0,0,0,1,0,0,0,0,0,0,0,0,1,0,0,0,0,0,0,0,0,0,0,0,0,0,0,0,0,0,0,0,0,0,0,0,0,0,0,0,0,0,0,0,0,0,0,0,0,0,1,0,0,0,0,0,0,0,0,0,0,0,0,0,0,0,0,0,0,0,0,0,0,0,0,0,0,0,0,1,0,0
.,0,0,0,0,0,0,0,0,0,0,0,0,0,0,0,0,0,0,0,0,0,0,0,0,0,0,0,0,0,0,0,1,0,0,0,0,0,0,0,0,0,0,0,0,0,0,0,0,0,0,0,0,0,0,0,0,0,0,0,0,0,0,0,0,0,0,0,0,0,0,0,0,0,0,0,0,0,0,0,0,0,0,0,0,0,0,0,0,0,0,0,0,0,0,0,0,0,0,0,0,0,0,0,0,0,0,0,0,0,0,0,0,0,0,0,0,0,0,0,0,0,0,0,0
:,0,0,0,0,0,0,0,0,0,1,0,1,0,0,0,0,0,0,0,0,0,0,1,1,0,0,0,0,0,0,0,0,0,0,0,0,0,0,0,0,0,1,0,0,2,0,1,0,0,0,0,0,0,0,0,0,0,0,0,0,0,0,0,0,0,0,0,0,0,0,0,0,2,0,0,0,0,0,0,0,0,0,0,0,0,0,0,0,0,0,0,0,0,0,0,0,0,0,0,0,0,0,0,0,0,1,0,0,0,0,0,0,0,0,0,0,0,0,0,0,0,0,0,0
PRP$,0,2,0,0,2,0,1,1,0,1,0,0,0,1,0,0,0,0,0,0,0,0,0,1,1,1,1,1,0,0,0,0,0,0,2,0,0,0,0,0,2,1,0,0,0,0,0,0,0,1,2,0,1,0,0,1,1,0,1,0,0,0,0,0,0,0,1,3,0,0,0,1,1,0,0,1,1,1,0,1,2,0,0,1,0,0,2,0,0,1,1,0,2,1,0,1,2,1,0,0,1,1,1,2,1,2,1,0,1,0,0,0,0,1,1,1,0,0,0,0,0,0,0,1
RBR,0,0,0,0,0,0,0,0,0,0,0,1,0,0,0,0,0,0,0,0,0,0,0,0,0,0,0,0,0,0,0,0,0,0,0,0,0,0,0,0,0,0,0,0,0,0,0,0,0,0,0,0,0,0,0,0,0,0,1,0,0,0,0,0,0,0,0,0,0,0,0,0,0,0,0,0,0,0,0,0,0,0,0,0,0,0,0,0,0,0,0,0,0,0,0,2,0,0,0,0,0,0,0,0,0,0,0,0,0,0,0,0,0,0,0,0,0,0,0,0,0,0,0,0
UH,0,0,0,0,0,0,0,0,0,0,0,0,0,0,0,0,0,0,0,0,0,0,0,0,0,0,0,0,0,0,0,0,0,0,0,0,0,0,0,0,0,0,0,0,0,0,1,0,0,0,0,0,0,0,0,0,0,0,0,0,0,0,0,0,0,0,0,0,0,0,0,0,0,0,0,0,0,0,0,0,0,0,0,0,0,0,0,0,0,0,0,0,0,0,0,0,0,0,0,0,0,0,0,0,0,0,0,0,0,0,0,0,0,0,0,0,0,0,0,0,0,0,0,0
``,0,0,0,0,0,0,0,0,0,0,0,0,0,0,0,0,0,0,0,0,0,0,0,0,0,0,0,0,0,0,0,0,0,0,0,0,0,0,0,0,0,1,0,0,0,0,0,0,0,0,0,0,0,0,0,0,0,0,0,0,0,0,0,0,0,0,0,0,0,0,0,0,0,0,0,0,0,0,0,0,0,0,0,0,0,0,0,0,0,0,0,0,0,0,0,0,0,0,0,0,0,0,0,0,0,0,0,0,0,0,0,0,0,0,0,0,0,0,0,0,0,0,0,0
adjective,1,0,0,0,4,0,0,0,1,0,0,0,0,2,0,1,1,1,0,2,1,3,3,5,0,3,1,1,2,0,3,3,1,3,4,5,1,3,3,1,1,0,2,1,3,1,0,7,0,4,1,2,0,0,0,2,0,0,1,2,1,2,2,0,1,1,2,5,3,1,1,2,2,2,0,3,3,4,3,0,3,0,2,0,2,1,2,1,1,0,2,1,1,0,0,0,3,2,2,1,2,3,2,3,1,1,2,0,0,4,1,1,1,1,1,0,1,2,0,2,0,7,1,3
adverb,1,1,1,0,3,1,2,1,0,4,1,3,1,1,1,0,1,0,1,2,1,2,0,2,1,2,1,1,0,1,2,1,2,3,3,1,1,0,3,2,0,0,0,1,3,6,0,2,0,4,5,2,3,3,1,1,0,0,1,2,1,0,2,0,0,1,1,0,1,1,1,3,1,0,1,1,1,2,4,0,2,0,2,1,2,3,2,2,0,1,1,1,1,0,3,0,0,2,0,1,2,1,2,3,1,0,1,0,1,2,1,0,0,1,2,2,0,1,2,2,0,3,0,3
article,0,0,0,1,3,1,2,1,1,2,0,1,1,1,3,2,1,1,2,6,0,4,1,4,1,2,1,0,3,1,1,5,0,5,3,7,1,4,1,0,3,2,1,2,1,5,2,5,2,1,0,4,2,3,1,4,0,2,1,3,1,5,3,1,1,2,5,10,0,2,4,7,4,4,1,3,1,2,2,1,2,2,2,3,4,2,1,2,6,2,1,3,2,1,0,2,2,3,3,4,1,2,5,3,2,2,1,2,0,5,5,0,1,4,1,1,1,1,4,2,1,0,3,2
conjunction,1,4,1,1,4,1,5,2,4,4,2,2,1,3,2,4,2,0,2,7,1,5,1,2,2,6,2,1,1,1,6,6,1,4,8,9,1,3,2,1,2,7,2,0,3,4,2,5,4,6,8,3,3,2,1,4,2,2,1,8,0,3,4,2,2,3,5,11,4,2,4,9,4,7,2,4,3,5,4,1,2,1,4,3,1,4,3,1,5,1,1,5,3,2,0,2,5,6,2,4,5,5,6,3,5,3,3,1,1,7,4,0,2,7,2,5,1,1,4,5,4,5,3,5
noun,2,3,0,3,7,1,3,4,2,5,0,2,4,1,3,7,4,2,4,11,3,12,1,6,2,7,3,1,7,0,14,1,1,9,8,10,0,5,1,1,8,5,6,1,5,8,1,4,7,8,14,5,8,5,4,8,2,6,4,10,2,7,6,13,2,9,8,21,4,6,7,16,14,9,3,4,3,9,10,4,6,3,4,10,4,2,5,5,10,6,3,8,9,6,1,1,7,9,8,9,6,6,8,5,6,8,3,5,1,12,6,1,8,7,2,6,1,2,5,6,3,2,3,5
numeral,0,0,0,0,0,0,0,0,0,0,0,0,0,0,0,0,1,0,1,0,0,0,0,1,0,0,0,0,0,0,0,0,0,0,0,0,0,0,0,0,1,0,0,0,0,2,0,1,0,1,0,1,0,0,0,1,0,0,0,0,0,0,0,0,0,0,0,0,0,0,0,0,0,0,0,0,0,0,0,0,0,0,0,1,0,2,0,0,0,0,0,0,0,0,0,0,0,0,0,0,0,0,0,0,0,1,0,0,0,0,0,0,0,0,0,0,0,0,0,0,0,0,0,1
other,1,0,0,1,1,0,1,0,0,1,0,0,0,0,0,0,0,0,2,0,1,0,1,0,0,0,0,1,0,0,1,1,0,1,1,1,0,2,0,0,0,0,0,0,0,2,0,0,1,1,0,2,1,1,0,1,1,0,0,0,1,1,0,0,2,0,1,1,0,0,1,3,0,2,0,0,1,0,1,1,1,1,1,0,3,1,0,1,1,0,2,1,1,0,0,0,1,0,0,0,0,0,0,0,0,0,0,0,1,0,0,2,1,1,1,2,0,0,0,0,1,0,1,0
particle,0,0,1,0,0,0,0,0,0,0,0,0,0,0,0,0,0,0,0,0,0,0,0,1,0,0,0,0,0,0,0,0,0,0,0,0,0,0,0,0,0,0,0,0,0,0,1,0,0,0,0,0,0,0,0,1,0,0,0,1,0,1,0,0,0,0,0,0,0,0,0,1,0,0,0,0,0,1,0,0,0,0,1,0,1,0,0,0,0,0,1,0,0,0,1,0,0,0,0,0,0,0,0,1,0,0,0,0,0,1,0,0,0,0,0,0,0,0,0,0,1,0,0,1
pronoun,1,2,1,1,1,2,3,1,1,5,3,4,4,0,1,3,0,1,0,2,0,2,3,2,0,3,0,0,1,0,1,3,0,1,3,1,1,1,0,1,0,3,0,0,1,1,1,2,1,4,1,2,1,0,0,0,1,1,0,3,0,0,3,2,3,1,4,0,4,0,1,5,1,2,1,1,0,1,0,0,2,0,0,0,1,3,1,0,3,0,1,3,1,0,1,0,0,2,0,0,1,1,0,3,0,0,1,2,1,0,2,1,0,4,1,1,0,1,1,1,2,3,1,3
verb,2,3,1,1,4,2,7,1,3,8,4,5,3,1,4,6,4,1,5,5,2,3,5,5,1,4,1,2,3,2,3,6,1,4,6,7,1,4,1,1,2,4,2,2,3,6,3,3,2,7,7,6,4,2,1,4,3,2,1,5,2,5,3,4,3,4,5,5,3,2,4,13,4,5,3,4,2,4,1,2,3,2,2,3,5,5,1,3,3,3,5,5,3,3,3,1,4,5,2,2,4,5,4,10,4,3,3,4,1,5,3,2,1,8,4,5,0,0,3,2,3,4,2,3
