,,1,1,2,2,0,1,1,1,1,3,0,0,0,1,2,0,3,2,2,3,1,2,1,2,3,2,1,0,2,0,1,5,1,2,1,3,5,3,0,0,1,3,5,2,2,1,0,1,4,1,1,0,2,0,1,1,0,4,3,1,1,1,5,1,3,1,0,1,2,0,0,3,4,4,1,2,2,1,2,2,2,6,1,3,1,2,3,3,3,1,2,2,0,1,1,1,1,4,2,2,4,1,1,1,3,4,0,1,3,0,0,3,1,2,0,0,1,2,2,0,4,0
-LRB-,0,0,0,0,0,0,0,1,0,0,0,0,0,0,0,0,0,0,1,0,0,0,1,1,1,0,0,0,0,0,0,1,0,0,0,0,1,0,0,0,0,0,0,0,0,0,0,0,0,0,0,0,0,0,0,0,0,0,0,0,0,0,0,0,0,0,0,0,0,0,0,0,0,0,0,0,0,0,0,0,0,1,0,0,0,0,0,0,0,1,0,0,0,0,0,1,0,0,0,0,0,1,0,0,0,0,1,0,0,0,0,0,0,0,0,0,0,0,0,0,0,0
-RRB-,0,0,0,0,0,0,0,1,0,0,0,0,0,0,0,0,0,0,1,0,0,0,1,1,1,0,0,0,0,0,0,1,0,0,0,0,1,0,0,0,0,0,0,0,0,0,0,0,0,0,0,0,0,0,0,0,0,3,0,0,0,0,0,0,0,0,0,0,0,0,0,0,0,0,0,0,0,0,0,0,0,1,0,0,0,0,0,0,0,1,0,0,0,0,0,1,0,0,0,0,0,1,0,0,0,0,1,0,0,0,0,0,0,0,0,0,0,0,0,0,0,0
.,0,0,0,1,0,0,0,0,0,0,0,0,0,0,0,0,0,0,0,0,0,1,0,0,0,0,0,0,0,0,0,0,0,0,0,0,0,0,0,0,0,0,0,0,0,0,0,0,0,0,0,0,0,0,0,0,0,0,0,0,0,0,0,0,0,0,0,0,0,0,0,0,0,0,0,0,0,0,1,0,0,0,0,0,0,0,0,0,0,0,0,0,0,0,0,0,0,0,0,0,0,0,0,0,0,0,0,0,0,0,0,0,0,0,0,0,0,0,0,0,0,0
:,0,0,1,0,0,1,0,2,0,0,0,0,0,2,0,0,0,0,0,0,0,0,0,1,0,0,1,1,0,0,0,0,1,0,1,0,0,0,0,0,0,0,1,1,0,1,0,0,0,0,0,1,0,0,0,0,0,0,0,0,0,0,1,0,0,1,0,0,0,0,0,0,0,0,0,0,0,0,0,0,0,0,0,0,0,0,1,0,0,0,0,0,0,0,0,0,0,0,0,1,0,0,0,0,0,0,0,0,0,0,0,0,0,0,0,0,1,0,0,0,0,0
PRP$,0,0,1,0,0,0,0,0,0,0,0,0,0,0,0,0,1,2,0,2,0,0,1,3,0,0,1,0,0,0,0,0,0,2,1,1,0,2,0,0,0,0,1,0,1,0,0,1,0,0,0,0,1,0,1,0,0,0,0,0,1,0,0,0,0,1,0,0,1,0,0,0,0,1,0,0,0,0,1,0,1,1,0,0,1,1,2,0,0,0,0,0,0,0,0,0,0,0,0,0,0,1,0,0,0,0,0,0,2,0,0,0,0,1,0,1,0,0,0,1,3,0
RBR,0,0,0,0,0,2,0,0,0,0,0,0,0,0,0,0,0,1,0,0,0,1,0,0,0,0,0,0,0,0,0,0,0,0,0,0,0,0,0,0,0,1,0,0,0,0,0,0,0,0,0,1,0,0,0,0,0,0,1,0,2,0,2,0,0,0,0,0,0,0,0,0,0,0,0,0,0,1,0,0,0,1,0,0,0,0,0,0,0,0,1,0,0,0,0,0,0,1,0,0,0,1,0,0,0,0,1,0,0,0,0,2,0,0,0,0,0,0,0,0,0,0
adjective,0,2,3,1,2,9,1,6,4,6,3,3,2,7,6,2,3,8,4,6,3,4,7,3,3,2,5,0,10,1,3,3,2,5,6,8,9,5,1,4,1,3,7,6,4,1,1,4,7,7,2,3,1,5,4,2,1,7,4,3,3,3,8,1,4,4,3,1,3,1,2,0,2,8,3,3,1,2,2,5,2,9,5,3,3,3,6,0,3,4,4,5,1,0,6,1,5,6,3,4,5,9,4,0,3,4,6,2,2,1,6,9,2,8,0,2,2,5,4,3,8,0
adverb,1,2,3,6,0,2,2,2,2,2,0,1,2,1,2,2,1,1,0,5,0,2,0,1,3,2,2,0,5,1,1,7,3,2,7,0,4,5,2,1,4,1,1,2,0,2,0,3,2,1,1,2,1,2,2,2,2,3,1,3,2,0,5,2,3,4,0,2,3,1,0,3,4,4,3,1,0,1,0,3,1,5,1,1,2,2,5,4,4,1,1,2,0,1,1,4,4,4,0,2,2,2,4,2,0,4,1,2,2,1,2,5,2,3,1,0,4,2,3,4,1,0
article,0,5,5,1,1,4,2,8,2,4,4,3,3,8,7,1,6,5,5,4,4,5,7,8,5,7,11,2,8,3,3,4,2,4,4,1,4,2,4,8,0,3,5,8,2,1,1,1,7,6,3,2,4,1,5,1,4,11,3,10,2,5,6,1,4,6,3,4,3,1,1,2,3,10,2,5,7,5,0,3,0,7,2,6,2,6,9,0,2,2,2,4,2,2,6,2,7,5,6,5,3,9,3,2,1,4,8,1,9,1,2,9,4,7,0,4,3,5,2,2,6,0
conjunction,3,5,5,2,3,9,2,8,3,6,4,2,2,11,11,0,11,10,6,10,9,7,10,8,3,10,10,2,13,2,2,12,7,7,9,9,6,3,3,6,0,7,9,9,6,3,2,6,6,8,3,4,3,1,11,4,3,13,6,13,7,3,13,1,6,6,5,5,6,1,5,6,7,12,0,5,6,4,4,7,3,9,3,8,6,8,15,3,9,9,2,7,6,4,6,6,7,7,7,9,5,10,8,2,2,5,12,2,12,1,3,13,6,13,0,4,6,4,4,3,12,0
noun,4,11,10,3,4,9,5,10,2,7,7,4,3,17,12,4,13,9,12,8,16,11,12,16,8,14,20,4,16,5,4,11,12,7,11,11,6,6,6,13,1,12,10,12,8,6,1,9,14,9,8,6,8,1,11,5,6,14,4,18,5,7,15,1,9,11,6,5,13,3,4,6,6,17,1,4,13,8,4,8,3,16,5,10,7,13,20,1,7,9,3,9,7,3,6,8,11,11,7,12,9,14,5,3,5,7,9,5,15,3,6,24,10,22,0,7,8,7,5,4,14,0
numeral,0,0,0,0,0,0,0,0,0,0,0,0,0,0,0,0,0,0,1,1,0,0,0,0,1,0,0,0,0,0,0,1,0,0,0,0,0,0,0,0,0,0,2,0,0,1,1,0,0,0,0,0,0,0,1,0,1,3,0,0,2,0,0,1,0,0,1,0,0,0,0,0,0,0,0,0,0,0,0,0,0,0,0,1,0,0,0,0,0,0,0,1,1,2,0,3,1,1,0,3,0,1,0,0,0,0,0,0,0,0,0,0,0,1,0,0,1,0,0,0,0,0
other,1,2,2,0,0,1,0,1,0,2,1,0,1,2,3,2,0,2,1,1,1,0,0,1,1,1,2,0,2,0,1,1,0,0,0,1,1,4,0,2,0,2,2,0,0,1,1,0,3,0,0,1,0,0,0,0,1,4,0,1,0,1,2,0,1,1,0,0,1,1,1,0,1,2,0,0,1,2,0,1,0,3,2,1,1,1,2,0,0,0,1,0,0,1,0,0,1,1,0,0,1,1,4,0,0,1,1,0,0,0,1,3,1,3,0,0,0,1,0,1,1,0
particle,0,0,1,0,0,0,0,0,0,0,1,0,0,0,0,0,0,1,0,0,0,0,0,0,0,0,0,0,0,0,0,0,0,0,0,0,0,1,0,0,0,0,0,0,0,0,0,0,0,1,0,0,0,0,0,0,0,0,0,0,0,0,0,0,0,0,0,0,0,1,0,0,0,0,0,0,0,0,0,0,0,1,0,0,0,1,0,0,0,0,0,0,0,0,0,0,0,0,0,0,1,0,0,0,0,1,1,0,1,0,0,0,0,0,0,0,0,0,0,0,0,0
pronoun,0,0,2,2,0,1,1,2,0,0,1,0,2,0,1,0,3,4,0,2,1,0,0,1,4,1,1,1,2,0,2,6,1,2,1,3,3,2,1,2,0,1,2,1,0,1,1,1,0,0,0,1,0,0,0,1,2,5,1,0,1,0,1,0,0,1,0,2,3,0,4,2,0,2,1,0,0,1,1,1,1,1,0,2,0,2,3,2,3,2,1,1,0,1,0,0,0,0,0,0,1,2,1,1,0,0,2,0,1,0,1,2,0,1,0,0,0,0,0,2,4,0
verb,4,7,12,8,1,6,6,6,3,5,3,3,4,9,7,2,3,11,3,6,3,2,3,6,6,4,6,3,10,2,3,11,3,5,5,5,6,9,3,6,0,5,6,5,1,5,2,3,4,3,2,5,5,3,6,5,6,17,6,10,2,3,14,2,2,10,3,2,7,2,6,10,4,8,3,2,7,3,1,5,1,8,5,2,4,7,5,2,8,5,3,4,3,2,2,3,8,6,3,3,7,10,6,1,2,8,7,3,6,1,5,12,3,5,0,3,4,3,1,8,10,0
